0 5 9
0 9 3
0 10 0
0 13 10
0 4 2
0 14 1
0 6 9
0 12 9
0 8 6
0 7 10
0 1 3
0 2 8
0 3 0
0 11 8
1 14 1
1 12 4
1 11 2
1 10 4
1 3 8
1 8 8
1 4 2
1 6 9
1 7 10
1 2 4
1 9 6
1 5 10
1 13 8
2 11 7
2 6 10
2 8 4
2 10 3
2 9 7
2 4 2
2 3 8
2 7 0
2 12 8
2 14 2
2 13 7
2 5 4
3 6 2
3 14 2
3 13 10
3 9 4
3 11 1
3 4 0
3 7 8
3 8 10
3 12 2
4 12 7
4 10 1
4 14 1
4 13 5
4 11 6
4 9 7
4 7 7
4 6 0
4 8 6
5 8 5
5 12 5
5 11 6
5 6 4
5 9 7
5 13 3
6 14 2
6 9 8
6 8 5
6 13 3
6 7 8
6 10 9
6 11 10
6 12 8
7 10 8
7 13 10
7 8 9
7 14 10
7 12 2
7 11 4
7 9 7
8 9 10
8 12 2
8 10 6
8 11 4
8 14 8
8 13 2
9 12 6
9 13 4
9 14 8
9 10 5
10 14 4
10 11 10
10 13 0
11 12 0
11 13 7
11 14 8
12 13 5
12 14 0
13 14 0
