0 1 19566
0 2 18548
0 3 10177
0 4 24954
0 5 19184
0 6 5902
0 7 11747
0 8 9556
0 9 9840
0 10 3262
0 11 22549
0 12 15191
0 13 6172
0 14 15014
0 15 2440
0 16 12505
0 17 18407
0 18 527
0 19 17307
0 20 2018
0 21 5137
0 22 6733
0 23 23375
0 24 8046
0 25 24206
0 26 3151
0 27 2541
0 28 23322
0 29 6032
0 30 1355
0 31 22601
0 32 19900
0 33 9750
0 34 8523
0 35 831
0 36 20314
0 37 19370
0 38 3786
0 39 20059
0 40 13176
0 41 19830
0 42 17766
0 43 2927
0 44 22617
0 45 7166
0 46 22305
0 47 18602
0 48 12501
0 49 5478
1 0 9349
1 2 7409
1 3 18774
1 4 5885
1 5 20579
1 6 11525
1 7 8771
1 8 6648
1 9 11916
1 10 19711
1 11 22878
1 12 2996
1 13 23688
1 14 19819
1 15 18444
1 16 22334
1 17 21586
1 18 17250
1 19 1899
1 20 7813
1 21 14425
1 22 9385
1 23 19000
1 24 23770
1 25 17266
1 26 16372
1 27 19856
1 28 16968
1 29 1881
1 30 10338
1 31 18223
1 32 13116
1 33 3252
1 34 14651
1 35 24146
1 36 12732
1 37 14646
1 38 16298
1 39 3933
1 40 13163
1 41 8199
1 42 18318
1 43 16857
1 44 6257
1 45 10606
1 46 4907
1 47 15518
1 48 20007
1 49 6513
2 0 9592
2 1 18980
2 3 12439
2 4 24604
2 5 17550
2 6 21727
2 7 5546
2 8 23420
2 9 19173
2 10 12744
2 11 22207
2 12 21283
2 13 1949
2 14 16560
2 15 12739
2 16 4951
2 17 7082
2 18 23892
2 19 19742
2 20 14483
2 21 17310
2 22 20503
2 23 10746
2 24 16979
2 25 2802
2 26 11596
2 27 13671
2 28 9542
2 29 1271
2 30 8306
2 31 24798
2 32 6023
2 33 10616
2 34 17876
2 35 5050
2 36 10722
2 37 9082
2 38 8541
2 39 15904
2 40 6946
2 41 10774
2 42 17341
2 43 12571
2 44 20785
2 45 17321
2 46 5972
2 47 17480
2 48 24627
2 49 6025
3 0 7525
3 1 3981
3 2 11891
3 4 5484
3 5 23388
3 6 22335
3 7 8519
3 8 24418
3 9 10292
3 10 11390
3 11 14004
3 12 17131
3 13 7879
3 14 13936
3 15 4790
3 16 243
3 17 21374
3 18 24518
3 19 5212
3 20 8039
3 21 13438
3 22 19115
3 23 22932
3 24 19588
3 25 11644
3 26 7856
3 27 14005
3 28 506
3 29 22064
3 30 22399
3 31 4887
3 32 2403
3 33 10709
3 34 8331
3 35 24774
3 36 19466
3 37 24396
3 38 11438
3 39 12268
3 40 5762
3 41 5242
3 42 2426
3 43 15974
3 44 9192
3 45 2523
3 46 19001
3 47 4654
3 48 4316
3 49 2914
4 0 6570
4 1 13993
4 2 13215
4 3 2183
4 5 1607
4 6 7504
4 7 8442
4 8 10143
4 9 21167
4 10 4087
4 11 8809
4 12 9636
4 13 565
4 14 17521
4 15 5605
4 16 7673
4 17 24476
4 18 20202
4 19 6853
4 20 7303
4 21 18424
4 22 19152
4 23 3590
4 24 22057
4 25 18042
4 26 8743
4 27 4776
4 28 22955
4 29 14137
4 30 14529
4 31 11368
4 32 13953
4 33 16328
4 34 9266
4 35 15961
4 36 19679
4 37 344
4 38 3021
4 39 23527
4 40 4910
4 41 13860
4 42 2388
4 43 8980
4 44 12115
4 45 3279
4 46 2668
4 47 11889
4 48 7131
4 49 3071
5 0 2984
5 1 3099
5 2 17794
5 3 8720
5 4 1708
5 6 539
5 7 2110
5 8 2448
5 9 16083
5 10 12945
5 11 4
5 12 19824
5 13 6954
5 14 9200
5 15 5176
5 16 12801
5 17 9272
5 18 9427
5 19 7167
5 20 24214
5 21 4899
5 22 6205
5 23 15258
5 24 17133
5 25 15066
5 26 20783
5 27 6668
5 28 13659
5 29 2713
5 30 433
5 31 5844
5 32 12060
5 33 12121
5 34 24098
5 35 22619
5 36 16612
5 37 6378
5 38 20763
5 39 20110
5 40 21309
5 41 9016
5 42 8329
5 43 21591
5 44 24733
5 45 4241
5 46 14153
5 47 6264
5 48 19154
5 49 10402
6 0 11966
6 1 22599
6 2 1715
6 3 18375
6 4 3446
6 5 7617
6 7 18705
6 8 11847
6 9 5911
6 10 13948
6 11 2895
6 12 6241
6 13 13154
6 14 22512
6 15 23559
6 16 642
6 17 482
6 18 2380
6 19 6680
6 20 4686
6 21 6547
6 22 12042
6 23 4683
6 24 7788
6 25 13883
6 26 10811
6 27 24184
6 28 11436
6 29 18595
6 30 24836
6 31 23711
6 32 20108
6 33 12058
6 34 19176
6 35 3051
6 36 4378
6 37 23323
6 38 13560
6 39 12265
6 40 24217
6 41 12275
6 42 6735
6 43 4812
6 44 21690
6 45 20237
6 46 22547
6 47 20317
6 48 10064
6 49 9828
7 0 10763
7 1 599
7 2 20809
7 3 11557
7 4 19421
7 5 4458
7 6 22554
7 8 5101
7 9 15995
7 10 7494
7 11 22381
7 12 775
7 13 994
7 14 2428
7 15 11804
7 16 16291
7 17 23727
7 18 10652
7 19 12516
7 20 3537
7 21 968
7 22 10001
7 23 1095
7 24 2948
7 25 1653
7 26 2844
7 27 17937
7 28 18171
7 29 17614
7 30 1686
7 31 8780
7 32 15350
7 33 6913
7 34 12053
7 35 19770
7 36 22731
7 37 16638
7 38 23598
7 39 1745
7 40 5938
7 41 516
7 42 12428
7 43 4808
7 44 13647
7 45 9825
7 46 24177
7 47 22254
7 48 2339
7 49 10111
8 0 6710
8 1 9713
8 2 17004
8 3 21965
8 4 20136
8 5 9088
8 6 19441
8 7 2624
8 9 13428
8 10 18334
8 11 10708
8 12 16071
8 13 17172
8 14 18946
8 15 5303
8 16 963
8 17 7677
8 18 22505
8 19 20010
8 20 458
8 21 24884
8 22 24755
8 23 24898
8 24 5690
8 25 16334
8 26 17478
8 27 20731
8 28 8180
8 29 10223
8 30 23463
8 31 9976
8 32 16303
8 33 18761
8 34 7978
8 35 10220
8 36 22083
8 37 9090
8 38 20940
8 39 15831
8 40 11985
8 41 1258
8 42 10107
8 43 17007
8 44 19746
8 45 13453
8 46 19942
8 47 6841
8 48 3761
8 49 4037
9 0 856
9 1 22096
9 2 4093
9 3 12545
9 4 14502
9 5 17808
9 6 6084
9 7 21142
9 8 4647
9 10 20854
9 11 4380
9 12 14952
9 13 12033
9 14 3961
9 15 19076
9 16 20135
9 17 5897
9 18 5636
9 19 24701
9 20 13036
9 21 6210
9 22 4187
9 23 2346
9 24 19851
9 25 6231
9 26 17474
9 27 24716
9 28 5622
9 29 17415
9 30 22837
9 31 2782
9 32 13845
9 33 18472
9 34 21761
9 35 5780
9 36 10944
9 37 18540
9 38 1113
9 39 14749
9 40 4513
9 41 9290
9 42 19584
9 43 16054
9 44 13526
9 45 22141
9 46 11501
9 47 4556
9 48 3013
9 49 21823
10 0 7084
10 1 13547
10 2 1822
10 3 9790
10 4 15678
10 5 24304
10 6 18695
10 7 10197
10 8 16474
10 9 14019
10 11 13450
10 12 18447
10 13 2494
10 14 15451
10 15 8949
10 16 17613
10 17 3351
10 18 22870
10 19 16898
10 20 3549
10 21 24625
10 22 19146
10 23 21904
10 24 14745
10 25 6791
10 26 19612
10 27 21280
10 28 20251
10 29 17926
10 30 14845
10 31 11715
10 32 1442
10 33 10532
10 34 3121
10 35 20461
10 36 16360
10 37 18433
10 38 23389
10 39 21755
10 40 19099
10 41 22032
10 42 9223
10 43 7973
10 44 12171
10 45 20024
10 46 13318
10 47 24700
10 48 5403
10 49 2263
11 0 24544
11 1 23770
11 2 24122
11 3 16408
11 4 21393
11 5 17492
11 6 13195
11 7 4991
11 8 6154
11 9 12578
11 10 5997
11 12 3899
11 13 17163
11 14 4227
11 15 23403
11 16 19463
11 17 15804
11 18 22819
11 19 21852
11 20 17966
11 21 11590
11 22 11479
11 23 136
11 24 15740
11 25 21701
11 26 8428
11 27 24607
11 28 13957
11 29 22772
11 30 23192
11 31 17634
11 32 18442
11 33 13125
11 34 7659
11 35 1443
11 36 11657
11 37 8971
11 38 4975
11 39 891
11 40 8536
11 41 6635
11 42 384
11 43 23313
11 44 21388
11 45 5428
11 46 12828
11 47 14549
11 48 3976
11 49 4976
12 0 5065
12 1 14676
12 2 23129
12 3 3044
12 4 10195
12 5 24563
12 6 2135
12 7 19445
12 8 19732
12 9 12008
12 10 20570
12 11 8807
12 13 88
12 14 4809
12 15 1626
12 16 17698
12 17 10572
12 18 1660
12 19 8535
12 20 16136
12 21 3894
12 22 8451
12 23 1832
12 24 10069
12 25 11213
12 26 15315
12 27 24136
12 28 1559
12 29 11000
12 30 14282
12 31 18527
12 32 4459
12 33 7370
12 34 17938
12 35 16174
12 36 4623
12 37 3712
12 38 11706
12 39 2667
12 40 2628
12 41 10167
12 42 22013
12 43 18029
12 44 2758
12 45 9300
12 46 307
12 47 737
12 48 18477
12 49 9880
13 0 19765
13 1 7922
13 2 17130
13 3 1799
13 4 6342
13 5 13892
13 6 6357
13 7 14229
13 8 9346
13 9 18429
13 10 19488
13 11 7717
13 12 8932
13 14 9527
13 15 16486
13 16 6380
13 17 20391
13 18 1490
13 19 9772
13 20 16202
13 21 14640
13 22 5726
13 23 18859
13 24 3048
13 25 2107
13 26 15807
13 27 3723
13 28 4326
13 29 16069
13 30 8263
13 31 17322
13 32 19460
13 33 18227
13 34 11560
13 35 19187
13 36 40
13 37 13400
13 38 14092
13 39 15677
13 40 20403
13 41 15477
13 42 23346
13 43 10828
13 44 15940
13 45 15403
13 46 20551
13 47 23954
13 48 1255
13 49 3775
14 0 11326
14 1 24135
14 2 13415
14 3 20542
14 4 8859
14 5 3200
14 6 5222
14 7 13515
14 8 5336
14 9 21763
14 10 7612
14 11 7644
14 12 24607
14 13 22565
14 15 7566
14 16 10217
14 17 7792
14 18 6588
14 19 17725
14 20 20991
14 21 13498
14 22 7135
14 23 9574
14 24 2457
14 25 20212
14 26 11292
14 27 4014
14 28 10580
14 29 24979
14 30 16288
14 31 12405
14 32 3434
14 33 5006
14 34 880
14 35 16006
14 36 16859
14 37 10056
14 38 4895
14 39 7960
14 40 5635
14 41 23745
14 42 20659
14 43 9925
14 44 15383
14 45 24282
14 46 23366
14 47 7164
14 48 784
14 49 21307
15 0 8169
15 1 14973
15 2 5144
15 3 8476
15 4 11648
15 5 23160
15 6 24709
15 7 15613
15 8 18344
15 9 18983
15 10 53
15 11 12691
15 12 2724
15 13 8118
15 14 22954
15 16 4008
15 17 19306
15 18 16591
15 19 8427
15 20 5484
15 21 6119
15 22 22141
15 23 16171
15 24 12743
15 25 3673
15 26 21278
15 27 5021
15 28 2612
15 29 8280
15 30 18404
15 31 10682
15 32 16731
15 33 10870
15 34 340
15 35 23137
15 36 13928
15 37 7288
15 38 18969
15 39 10474
15 40 2080
15 41 23312
15 42 23587
15 43 14853
15 44 12762
15 45 13234
15 46 2176
15 47 17366
15 48 10233
15 49 20594
16 0 11649
16 1 16307
16 2 5304
16 3 19611
16 4 18115
16 5 22065
16 6 16627
16 7 13781
16 8 11164
16 9 18757
16 10 10996
16 11 5919
16 12 11967
16 13 15839
16 14 17016
16 15 6421
16 17 16452
16 18 7259
16 19 19733
16 20 7605
16 21 21306
16 22 6860
16 23 8139
16 24 12607
16 25 15593
16 26 5862
16 27 21183
16 28 14763
16 29 6573
16 30 17831
16 31 24146
16 32 7139
16 33 16671
16 34 4867
16 35 14230
16 36 17291
16 37 22057
16 38 11869
16 39 9039
16 40 21804
16 41 19912
16 42 16570
16 43 21301
16 44 12782
16 45 12534
16 46 4201
16 47 12715
16 48 2849
16 49 17878
17 0 7139
17 1 15066
17 2 11991
17 3 3443
17 4 24948
17 5 755
17 6 16447
17 7 11184
17 8 23980
17 9 7253
17 10 4684
17 11 23584
17 12 21848
17 13 16464
17 14 10182
17 15 21260
17 16 15274
17 18 20287
17 19 2375
17 20 5583
17 21 15835
17 22 24128
17 23 21739
17 24 19709
17 25 4414
17 26 24075
17 27 7571
17 28 14288
17 29 23470
17 30 2008
17 31 9316
17 32 22380
17 33 21002
17 34 18842
17 35 7961
17 36 18426
17 37 23585
17 38 19840
17 39 7970
17 40 22953
17 41 13821
17 42 8218
17 43 3078
17 44 1799
17 45 9108
17 46 2619
17 47 21697
17 48 19623
17 49 770
18 0 24536
18 1 2914
18 2 10295
18 3 9641
18 4 20409
18 5 20042
18 6 9526
18 7 15381
18 8 19080
18 9 4492
18 10 21643
18 11 7138
18 12 1820
18 13 21198
18 14 19884
18 15 16017
18 16 2398
18 17 2703
18 19 14932
18 20 1567
18 21 10114
18 22 12144
18 23 20426
18 24 19681
18 25 5710
18 26 22429
18 27 14420
18 28 3685
18 29 3820
18 30 4835
18 31 10736
18 32 16457
18 33 13051
18 34 24543
18 35 7488
18 36 8332
18 37 20051
18 38 12227
18 39 22804
18 40 12522
18 41 1337
18 42 1261
18 43 13248
18 44 11945
18 45 14017
18 46 23813
18 47 19681
18 48 7840
18 49 2338
19 0 14996
19 1 6626
19 2 11006
19 3 10333
19 4 6743
19 5 6143
19 6 9687
19 7 9091
19 8 8594
19 9 2491
19 10 6905
19 11 7072
19 12 8747
19 13 15796
19 14 17340
19 15 15705
19 16 21177
19 17 847
19 18 12527
19 20 24166
19 21 15918
19 22 6470
19 23 5607
19 24 18521
19 25 13344
19 26 12941
19 27 20052
19 28 23034
19 29 17911
19 30 12419
19 31 6837
19 32 24984
19 33 9757
19 34 875
19 35 8712
19 36 107
19 37 9952
19 38 2369
19 39 19966
19 40 1493
19 41 17092
19 42 21526
19 43 5340
19 44 9122
19 45 21027
19 46 24837
19 47 12009
19 48 13323
19 49 12420
20 0 1483
20 1 13999
20 2 3224
20 3 19018
20 4 8528
20 5 1469
20 6 4658
20 7 16881
20 8 5482
20 9 4564
20 10 1195
20 11 3221
20 12 21817
20 13 16561
20 14 23785
20 15 1668
20 16 1242
20 17 20416
20 18 23760
20 19 2848
20 21 8580
20 22 517
20 23 4232
20 24 21684
20 25 508
20 26 22304
20 27 14096
20 28 16940
20 29 10949
20 30 5121
20 31 13655
20 32 17759
20 33 6331
20 34 4262
20 35 7777
20 36 14660
20 37 20308
20 38 12593
20 39 8835
20 40 11616
20 41 16698
20 42 1330
20 43 15183
20 44 24518
20 45 4332
20 46 24638
20 47 17227
20 48 23947
20 49 21406
21 0 18615
21 1 3816
21 2 24315
21 3 14044
21 4 1248
21 5 18124
21 6 265
21 7 13053
21 8 17929
21 9 7275
21 10 4327
21 11 13354
21 12 21431
21 13 23928
21 14 20859
21 15 8184
21 16 86
21 17 20432
21 18 5608
21 19 24805
21 20 6021
21 22 20634
21 23 4515
21 24 14020
21 25 9843
21 26 9841
21 27 6565
21 28 21730
21 29 15025
21 30 12838
21 31 18173
21 32 5822
21 33 14520
21 34 7217
21 35 3631
21 36 3796
21 37 13196
21 38 16035
21 39 4682
21 40 24818
21 41 19818
21 42 22071
21 43 6971
21 44 5730
21 45 3276
21 46 10226
21 47 15848
21 48 14083
21 49 14927
22 0 15796
22 1 14165
22 2 15753
22 3 17608
22 4 24591
22 5 9097
22 6 9669
22 7 23327
22 8 13179
22 9 19447
22 10 17504
22 11 20337
22 12 21661
22 13 11988
22 14 23569
22 15 14225
22 16 14098
22 17 8392
22 18 4252
22 19 23725
22 20 19584
22 21 17751
22 23 16131
22 24 12220
22 25 15030
22 26 14369
22 27 13631
22 28 2516
22 29 22253
22 30 7174
22 31 12593
22 32 2029
22 33 161
22 34 2080
22 35 4150
22 36 13123
22 37 13093
22 38 22063
22 39 18162
22 40 6868
22 41 13072
22 42 17297
22 43 20992
22 44 14501
22 45 17505
22 46 15525
22 47 12223
22 48 6830
22 49 24135
23 0 4003
23 1 21406
23 2 21066
23 3 8090
23 4 19402
23 5 13262
23 6 8032
23 7 15705
23 8 5966
23 9 14946
23 10 8701
23 11 18192
23 12 2523
23 13 3076
23 14 23749
23 15 24554
23 16 21402
23 17 21851
23 18 21970
23 19 7190
23 20 10386
23 21 16049
23 22 10090
23 24 19179
23 25 17693
23 26 2768
23 27 12612
23 28 16501
23 29 11071
23 30 1253
23 31 24587
23 32 1645
23 33 3293
23 34 4667
23 35 15725
23 36 1640
23 37 20708
23 38 22885
23 39 24026
23 40 14334
23 41 6019
23 42 14116
23 43 1619
23 44 1246
23 45 6591
23 46 13537
23 47 3616
23 48 14573
23 49 22
24 0 22094
24 1 13397
24 2 9726
24 3 7769
24 4 8814
24 5 6128
24 6 14204
24 7 19694
24 8 4055
24 9 21292
24 10 10380
24 11 11676
24 12 682
24 13 19001
24 14 21653
24 15 16331
24 16 24917
24 17 21901
24 18 24963
24 19 24887
24 20 12832
24 21 18481
24 22 23904
24 23 10746
24 25 2872
24 26 11738
24 27 13414
24 28 15190
24 29 4523
24 30 7702
24 31 23542
24 32 998
24 33 17600
24 34 13223
24 35 8422
24 36 10862
24 37 7264
24 38 11511
24 39 1156
24 40 8851
24 41 6758
24 42 652
24 43 20234
24 44 8484
24 45 361
24 46 10685
24 47 422
24 48 20471
24 49 18346
25 0 12930
25 1 17742
25 2 21997
25 3 11303
25 4 743
25 5 20326
25 6 4807
25 7 20646
25 8 13838
25 9 14137
25 10 5697
25 11 8739
25 12 8951
25 13 16631
25 14 8190
25 15 22141
25 16 23303
25 17 7885
25 18 18232
25 19 1869
25 20 18267
25 21 10092
25 22 20599
25 23 19135
25 24 10270
25 26 24183
25 27 19947
25 28 9545
25 29 13812
25 30 12488
25 31 24159
25 32 11402
25 33 7015
25 34 7508
25 35 21163
25 36 2411
25 37 12090
25 38 22514
25 39 13750
25 40 3773
25 41 21423
25 42 2906
25 43 22087
25 44 6250
25 45 17483
25 46 19646
25 47 2064
25 48 22239
25 49 20125
26 0 1269
26 1 19920
26 2 22882
26 3 13101
26 4 15957
26 5 21612
26 6 4801
26 7 3921
26 8 9173
26 9 18124
26 10 20195
26 11 6499
26 12 21260
26 13 16646
26 14 2871
26 15 6130
26 16 17729
26 17 16655
26 18 17781
26 19 9936
26 20 7391
26 21 4027
26 22 232
26 23 19092
26 24 22219
26 25 19345
26 27 17887
26 28 4726
26 29 3703
26 30 11395
26 31 23193
26 32 3896
26 33 19473
26 34 8585
26 35 20309
26 36 6551
26 37 7283
26 38 18638
26 39 21835
26 40 12071
26 41 4333
26 42 15345
26 43 6532
26 44 17450
26 45 6381
26 46 20696
26 47 3616
26 48 4244
26 49 4314
27 0 10069
27 1 22875
27 2 18044
27 3 20554
27 4 10490
27 5 17596
27 6 408
27 7 19264
27 8 19333
27 9 1653
27 10 23552
27 11 12070
27 12 6470
27 13 16399
27 14 3925
27 15 6082
27 16 445
27 17 8894
27 18 3967
27 19 22461
27 20 4172
27 21 1922
27 22 22329
27 23 6760
27 24 13641
27 25 23926
27 26 22482
27 28 17975
27 29 18539
27 30 1695
27 31 14916
27 32 23497
27 33 10065
27 34 20910
27 35 14854
27 36 9346
27 37 1078
27 38 6693
27 39 662
27 40 21020
27 41 24534
27 42 13792
27 43 11337
27 44 12505
27 45 21850
27 46 21804
27 47 13825
27 48 10551
27 49 20677
28 0 18826
28 1 3831
28 2 17824
28 3 9308
28 4 20929
28 5 10958
28 6 16384
28 7 19668
28 8 8953
28 9 19375
28 10 23125
28 11 24916
28 12 24932
28 13 23997
28 14 8624
28 15 1821
28 16 6041
28 17 13341
28 18 24784
28 19 2382
28 20 15200
28 21 17207
28 22 9996
28 23 14750
28 24 11083
28 25 1827
28 26 10399
28 27 9402
28 29 6159
28 30 3969
28 31 24687
28 32 13822
28 33 24931
28 34 16631
28 35 15369
28 36 16682
28 37 22378
28 38 19166
28 39 11665
28 40 22005
28 41 6103
28 42 5932
28 43 1207
28 44 448
28 45 3504
28 46 24625
28 47 4883
28 48 5173
28 49 23143
29 0 13839
29 1 4490
29 2 24296
29 3 2029
29 4 4635
29 5 6836
29 6 13599
29 7 24435
29 8 5032
29 9 11239
29 10 15557
29 11 4219
29 12 23291
29 13 7577
29 14 12636
29 15 729
29 16 2452
29 17 19279
29 18 17323
29 19 18068
29 20 9547
29 21 20819
29 22 3884
29 23 11294
29 24 7321
29 25 12245
29 26 22170
29 27 4942
29 28 8725
29 30 6826
29 31 3002
29 32 6189
29 33 23204
29 34 2063
29 35 1987
29 36 14454
29 37 17814
29 38 3402
29 39 1185
29 40 2795
29 41 7994
29 42 6720
29 43 21729
29 44 14966
29 45 19321
29 46 20769
29 47 14391
29 48 1979
29 49 9895
30 0 2870
30 1 24032
30 2 2325
30 3 814
30 4 6551
30 5 14578
30 6 10532
30 7 21566
30 8 23526
30 9 19263
30 10 1880
30 11 19976
30 12 21807
30 13 10719
30 14 9444
30 15 13628
30 16 10815
30 17 15291
30 18 5167
30 19 18654
30 20 5192
30 21 4293
30 22 20440
30 23 13769
30 24 24390
30 25 24901
30 26 6647
30 27 11349
30 28 12414
30 29 8254
30 31 23220
30 32 11828
30 33 19572
30 34 495
30 35 16973
30 36 9423
30 37 13377
30 38 12298
30 39 7362
30 40 12368
30 41 9715
30 42 23121
30 43 19188
30 44 6753
30 45 17728
30 46 2410
30 47 6869
30 48 5479
30 49 5740
31 0 18251
31 1 21496
31 2 23319
31 3 2397
31 4 1866
31 5 11134
31 6 11046
31 7 8883
31 8 17402
31 9 1645
31 10 17374
31 11 3262
31 12 20325
31 13 14874
31 14 16822
31 15 716
31 16 11442
31 17 10351
31 18 6701
31 19 5310
31 20 8222
31 21 8480
31 22 18126
31 23 21312
31 24 22298
31 25 8860
31 26 15917
31 27 13594
31 28 9802
31 29 14455
31 30 1926
31 32 5173
31 33 13698
31 34 4709
31 35 13419
31 36 12189
31 37 19432
31 38 2695
31 39 17776
31 40 6453
31 41 1871
31 42 14563
31 43 5206
31 44 6091
31 45 6380
31 46 16231
31 47 10218
31 48 8738
31 49 20606
32 0 6285
32 1 4937
32 2 18316
32 3 3524
32 4 3941
32 5 11813
32 6 15417
32 7 19639
32 8 8750
32 9 2110
32 10 2157
32 11 6499
32 12 10508
32 13 13457
32 14 5341
32 15 2412
32 16 9107
32 17 22890
32 18 9182
32 19 588
32 20 1589
32 21 17571
32 22 19536
32 23 1203
32 24 12372
32 25 15330
32 26 20709
32 27 17867
32 28 19631
32 29 17730
32 30 23430
32 31 15120
32 33 15471
32 34 7364
32 35 10410
32 36 19664
32 37 3995
32 38 1311
32 39 5708
32 40 9332
32 41 13064
32 42 19308
32 43 14681
32 44 18195
32 45 7922
32 46 22744
32 47 1453
32 48 8090
32 49 18844
33 0 23475
33 1 9556
33 2 21997
33 3 14906
33 4 19369
33 5 3263
33 6 15384
33 7 24172
33 8 9538
33 9 11975
33 10 22896
33 11 2502
33 12 4551
33 13 23458
33 14 20931
33 15 5428
33 16 8672
33 17 18471
33 18 21430
33 19 5896
33 20 5497
33 21 24871
33 22 18419
33 23 2770
33 24 5663
33 25 6454
33 26 16508
33 27 19175
33 28 12836
33 29 18843
33 30 18434
33 31 23375
33 32 15591
33 34 1414
33 35 19383
33 36 4147
33 37 4742
33 38 21808
33 39 9212
33 40 23713
33 41 3056
33 42 6629
33 43 2716
33 44 19205
33 45 19153
33 46 5636
33 47 1364
33 48 14303
33 49 11902
34 0 9224
34 1 15047
34 2 6773
34 3 7557
34 4 1194
34 5 548
34 6 8342
34 7 11257
34 8 5338
34 9 5940
34 10 15827
34 11 10759
34 12 14444
34 13 8737
34 14 4889
34 15 24949
34 16 17331
34 17 13723
34 18 13956
34 19 21038
34 20 2196
34 21 23991
34 22 5757
34 23 4849
34 24 12694
34 25 6681
34 26 22391
34 27 6670
34 28 16546
34 29 13982
34 30 17126
34 31 5684
34 32 15895
34 33 2943
34 35 7049
34 36 7799
34 37 9486
34 38 7767
34 39 9336
34 40 2971
34 41 17512
34 42 10389
34 43 16686
34 44 11064
34 45 1308
34 46 7412
34 47 21243
34 48 19948
34 49 15620
35 0 15636
35 1 19841
35 2 15520
35 3 11795
35 4 2394
35 5 5417
35 6 10013
35 7 23027
35 8 15543
35 9 537
35 10 6689
35 11 2248
35 12 21517
35 13 14855
35 14 16504
35 15 9459
35 16 11155
35 17 18148
35 18 13706
35 19 11642
35 20 15903
35 21 19244
35 22 6117
35 23 2786
35 24 6280
35 25 294
35 26 2071
35 27 18906
35 28 22524
35 29 5276
35 30 19663
35 31 1658
35 32 16562
35 33 20558
35 34 19120
35 36 19225
35 37 3349
35 38 7982
35 39 907
35 40 19467
35 41 22549
35 42 3367
35 43 12488
35 44 4274
35 45 12958
35 46 7679
35 47 12768
35 48 6320
35 49 8717
36 0 11968
36 1 5135
36 2 12840
36 3 18204
36 4 9511
36 5 23638
36 6 9104
36 7 23139
36 8 13457
36 9 20943
36 10 8528
36 11 20477
36 12 23505
36 13 14309
36 14 9943
36 15 3237
36 16 22893
36 17 22771
36 18 5341
36 19 19981
36 20 13118
36 21 3227
36 22 59
36 23 21469
36 24 10153
36 25 1313
36 26 21056
36 27 810
36 28 17559
36 29 24378
36 30 11036
36 31 17604
36 32 3289
36 33 3677
36 34 489
36 35 23978
36 37 627
36 38 4779
36 39 5130
36 40 22689
36 41 8093
36 42 5038
36 43 15438
36 44 5472
36 45 4981
36 46 23899
36 47 20125
36 48 10453
36 49 21318
37 0 2990
37 1 11763
37 2 10727
37 3 2335
37 4 3344
37 5 4290
37 6 18687
37 7 23100
37 8 9978
37 9 14159
37 10 24868
37 11 570
37 12 3267
37 13 21355
37 14 24058
37 15 9976
37 16 9064
37 17 17246
37 18 24477
37 19 5933
37 20 8477
37 21 3143
37 22 2590
37 23 20575
37 24 20364
37 25 23031
37 26 6660
37 27 20892
37 28 9790
37 29 7362
37 30 18115
37 31 17258
37 32 8061
37 33 15767
37 34 13939
37 35 24282
37 36 17682
37 38 1339
37 39 1627
37 40 491
37 41 11086
37 42 24347
37 43 1323
37 44 9100
37 45 6085
37 46 17347
37 47 22019
37 48 12346
37 49 12927
38 0 4876
38 1 2474
38 2 1706
38 3 18893
38 4 18004
38 5 16175
38 6 4400
38 7 4296
38 8 7641
38 9 2199
38 10 10257
38 11 15691
38 12 17806
38 13 3343
38 14 4597
38 15 12600
38 16 14595
38 17 17294
38 18 4139
38 19 11837
38 20 19782
38 21 9044
38 22 3658
38 23 22782
38 24 8963
38 25 11945
38 26 15807
38 27 22801
38 28 22166
38 29 14165
38 30 15991
38 31 23781
38 32 8306
38 33 821
38 34 8593
38 35 4077
38 36 17564
38 37 750
38 39 21442
38 40 15675
38 41 15318
38 42 21634
38 43 2741
38 44 21584
38 45 18206
38 46 22345
38 47 11567
38 48 13136
38 49 23296
39 0 14957
39 1 11039
39 2 738
39 3 18704
39 4 8129
39 5 15548
39 6 9028
39 7 1924
39 8 17622
39 9 9091
39 10 6729
39 11 21316
39 12 9970
39 13 11254
39 14 14731
39 15 7300
39 16 16523
39 17 4146
39 18 6175
39 19 7878
39 20 14717
39 21 6780
39 22 18757
39 23 20969
39 24 7547
39 25 1696
39 26 14717
39 27 10330
39 28 15184
39 29 4746
39 30 23238
39 31 18685
39 32 21845
39 33 19711
39 34 373
39 35 11900
39 36 10053
39 37 17094
39 38 538
39 40 19005
39 41 23476
39 42 1064
39 43 21632
39 44 15142
39 45 3124
39 46 15180
39 47 10875
39 48 18654
39 49 19990
40 0 15439
40 1 22530
40 2 4687
40 3 9411
40 4 10274
40 5 2667
40 6 16664
40 7 15460
40 8 14
40 9 10879
40 10 1994
40 11 23698
40 12 2102
40 13 12113
40 14 6185
40 15 23858
40 16 13317
40 17 12466
40 18 8694
40 19 8352
40 20 15941
40 21 24274
40 22 19987
40 23 6717
40 24 18334
40 25 9940
40 26 13682
40 27 7678
40 28 20979
40 29 17276
40 30 21474
40 31 12956
40 32 20689
40 33 5978
40 34 7153
40 35 6549
40 36 20001
40 37 20990
40 38 4406
40 39 11849
40 41 7982
40 42 21317
40 43 21029
40 44 6436
40 45 2767
40 46 5274
40 47 20136
40 48 7142
40 49 8881
41 0 19192
41 1 1504
41 2 318
41 3 2793
41 4 4172
41 5 16575
41 6 1046
41 7 7613
41 8 20848
41 9 13520
41 10 16397
41 11 8988
41 12 24563
41 13 9865
41 14 13287
41 15 13135
41 16 4387
41 17 19311
41 18 19706
41 19 21539
41 20 5248
41 21 22677
41 22 11942
41 23 22998
41 24 23215
41 25 9641
41 26 14809
41 27 13998
41 28 12156
41 29 16227
41 30 18530
41 31 4387
41 32 23929
41 33 5914
41 34 11529
41 35 20375
41 36 24088
41 37 14040
41 38 17158
41 39 4421
41 40 18382
41 42 10153
41 43 13701
41 44 6107
41 45 5736
41 46 18545
41 47 799
41 48 23449
41 49 8252
42 0 7083
42 1 1637
42 2 17582
42 3 2721
42 4 3456
42 5 20113
42 6 16985
42 7 2541
42 8 11121
42 9 21580
42 10 22398
42 11 4844
42 12 10533
42 13 24799
42 14 17639
42 15 20987
42 16 15174
42 17 1454
42 18 596
42 19 20730
42 20 18983
42 21 9073
42 22 756
42 23 6465
42 24 7577
42 25 13359
42 26 20113
42 27 21143
42 28 18973
42 29 807
42 30 3266
42 31 1448
42 32 19915
42 33 16296
42 34 17094
42 35 22219
42 36 12556
42 37 12266
42 38 12606
42 39 13702
42 40 13165
42 41 4729
42 43 24471
42 44 16081
42 45 22913
42 46 5084
42 47 10588
42 48 8898
42 49 20104
43 0 14762
43 1 12554
43 2 17861
43 3 21693
43 4 10026
43 5 7198
43 6 16179
43 7 9642
43 8 18332
43 9 1680
43 10 15901
43 11 2761
43 12 14261
43 13 9575
43 14 18833
43 15 235
43 16 685
43 17 15257
43 18 6975
43 19 7199
43 20 5152
43 21 15131
43 22 6555
43 23 3312
43 24 21683
43 25 14691
43 26 3867
43 27 24569
43 28 11348
43 29 6064
43 30 14299
43 31 10084
43 32 9679
43 33 23649
43 34 18120
43 35 23543
43 36 14613
43 37 11916
43 38 2816
43 39 2720
43 40 4173
43 41 98
43 42 8549
43 44 13640
43 45 8254
43 46 23408
43 47 19548
43 48 9459
43 49 17223
44 0 18025
44 1 15612
44 2 9569
44 3 23976
44 4 12503
44 5 22462
44 6 11123
44 7 12560
44 8 11544
44 9 18076
44 10 22049
44 11 4321
44 12 24477
44 13 16663
44 14 20617
44 15 13228
44 16 23590
44 17 23089
44 18 3870
44 19 6875
44 20 3015
44 21 12394
44 22 261
44 23 4803
44 24 24284
44 25 18437
44 26 16709
44 27 4452
44 28 8445
44 29 19449
44 30 21735
44 31 13210
44 32 24897
44 33 23890
44 34 1882
44 35 22661
44 36 19465
44 37 13690
44 38 12470
44 39 22492
44 40 9052
44 41 12439
44 42 22944
44 43 12461
44 45 3990
44 46 11500
44 47 14749
44 48 18064
44 49 17653
45 0 14069
45 1 5558
45 2 22335
45 3 14027
45 4 22781
45 5 5371
45 6 4785
45 7 19569
45 8 2051
45 9 21181
45 10 18869
45 11 10563
45 12 2228
45 13 11007
45 14 11097
45 15 9010
45 16 3290
45 17 18258
45 18 21291
45 19 20018
45 20 19640
45 21 23662
45 22 13000
45 23 15677
45 24 6228
45 25 14068
45 26 24863
45 27 22434
45 28 10737
45 29 21458
45 30 5417
45 31 11635
45 32 20437
45 33 12158
45 34 833
45 35 18412
45 36 15221
45 37 19443
45 38 12487
45 39 4566
45 40 21063
45 41 16008
45 42 16931
45 43 9938
45 44 12342
45 46 18898
45 47 15251
45 48 2800
45 49 11167
46 0 9938
46 1 23297
46 2 7575
46 3 11892
46 4 9052
46 5 16752
46 6 7538
46 7 21710
46 8 1309
46 9 10866
46 10 18613
46 11 13978
46 12 10683
46 13 2037
46 14 5228
46 15 14081
46 16 23232
46 17 19454
46 18 24797
46 19 7017
46 20 18968
46 21 24381
46 22 16293
46 23 23927
46 24 12496
46 25 20926
46 26 20966
46 27 13234
46 28 2445
46 29 19848
46 30 10962
46 31 21814
46 32 8860
46 33 5342
46 34 11204
46 35 13426
46 36 16298
46 37 6550
46 38 21601
46 39 12565
46 40 10050
46 41 11905
46 42 9069
46 43 13274
46 44 2421
46 45 12520
46 47 1597
46 48 1132
46 49 20306
47 0 21047
47 1 16236
47 2 4438
47 3 10606
47 4 5311
47 5 6754
47 6 2003
47 7 6640
47 8 12492
47 9 8463
47 10 7753
47 11 21984
47 12 4470
47 13 18138
47 14 9120
47 15 14076
47 16 466
47 17 22197
47 18 7177
47 19 18850
47 20 7300
47 21 13095
47 22 13553
47 23 6298
47 24 5705
47 25 3609
47 26 17460
47 27 4511
47 28 10520
47 29 17760
47 30 23005
47 31 4559
47 32 6539
47 33 6361
47 34 24148
47 35 3484
47 36 22122
47 37 6753
47 38 23770
47 39 1832
47 40 1674
47 41 21057
47 42 10605
47 43 19061
47 44 2889
47 45 137
47 46 1919
47 48 13837
47 49 24407
48 0 10727
48 1 11709
48 2 13700
48 3 14137
48 4 21875
48 5 4037
48 6 5593
48 7 4291
48 8 4126
48 9 11376
48 10 14797
48 11 8791
48 12 3047
48 13 16236
48 14 12455
48 15 4815
48 16 3873
48 17 20236
48 18 4885
48 19 22974
48 20 12525
48 21 18896
48 22 5463
48 23 17670
48 24 7008
48 25 19787
48 26 2532
48 27 5484
48 28 7594
48 29 8844
48 30 17613
48 31 9772
48 32 21857
48 33 17519
48 34 20899
48 35 11530
48 36 12137
48 37 20389
48 38 13300
48 39 2695
48 40 24675
48 41 4063
48 42 17129
48 43 13684
48 44 8415
48 45 11616
48 46 7723
48 47 15533
48 49 11183
49 0 22310
49 1 17156
49 2 3475
49 3 14287
49 4 7298
49 5 24521
49 6 11028
49 7 21164
49 8 5002
49 9 3266
49 10 6344
49 11 4512
49 12 12010
49 13 22304
49 14 17236
49 15 258
49 16 11577
49 17 19930
49 18 17227
49 19 18901
49 20 11115
49 21 23025
49 22 22695
49 23 12826
49 24 5593
49 25 3146
49 26 19939
49 27 18937
49 28 14147
49 29 1100
49 30 21937
49 31 376
49 32 16799
49 33 11371
49 34 6926
49 35 19866
49 36 11247
49 37 17070
49 38 19797
49 39 7638
49 40 4899
49 41 21042
49 42 13143
49 43 13897
49 44 14764
49 45 18826
49 46 18628
49 47 13379
49 48 23307
